
state 0: 04 61 05 71 01 81 02 91 03 a1 00 b1 00 f0 50 00 00 00 00 00 00 00 00 00 00 00 00 00 00 00 00 00 
         00 00 00 00 00 00 00 00 00 00 00 00 00 00 00 00 00 00 00 00 00 00 00 00 00 00 00 00 00 00 00 00 
         00 00 00 00 00 00 00 00 00 00 00 00 00 00 00 01 66 6c 61 61 66 c6 00 00 00 00 00 00 00 00 00 00 
         00 00 00 00 00 00 00 00 00 00 00 00 00 00 00 00 00 00 00 00 00 00 00 00 00 00 00 00 00 00 00 00 
         state 0: stop: 0, fail: 0, pc: 0x1, r0: 0x6, r1: 0x6, r2: 0x6, r3: 0xc, r4: 0x6, r5: 0x1, r6: 0x6, r7: 0x1, 
         r8: 0x6, r9: 0x6, r10: 0xc, r11: 0x6, r12: 0, r13: 0, r14: 0, r15: 0, 
state 1: 30 50 31 10 32 10 33 e0 34 40 35 70 00 61 01 71 02 81 03 91 04 a1 05 b1 00 f0 50 00 00 00 00 00 
         00 00 00 00 00 00 00 00 00 00 00 00 00 00 00 00 00 00 00 00 00 00 00 00 00 00 00 00 00 00 00 00 
         00 00 00 00 00 00 00 00 00 00 00 00 00 00 00 01 37 7b 2a 36 65 2e 00 00 00 00 00 00 00 00 00 00 
         00 00 00 00 00 00 00 00 00 00 00 00 00 00 00 00 00 00 00 00 00 00 00 00 00 00 00 00 00 00 00 00 
         state 1: stop: 0, fail: 0, pc: 0x1, r0: 0x3, r1: 0x7, r2: 0x7, r3: 0xb, r4: 0x2, r5: 0xa, r6: 0x3, r7: 0x6, 
         r8: 0x6, r9: 0x5, r10: 0x2, r11: 0xe, r12: 0, r13: 0, r14: 0, r15: 0, 
state 2: 00 61 2c 62 2c 10 7c 10 41 c0 2c 20 7c 10 42 c0 2c 60 2d 10 6c d0 00 f0 50 00 00 00 00 00 00 00 
         00 00 00 00 00 00 00 00 00 00 00 00 00 00 00 00 00 00 00 00 00 00 00 00 00 00 00 00 00 00 00 00 
         00 00 00 00 00 00 00 00 00 00 00 00 00 00 01 11 2a 2a 2a 6e 74 6c 00 00 00 00 00 00 00 00 00 00 
         00 00 00 00 00 00 00 00 00 00 00 00 00 00 00 00 00 00 00 00 00 00 00 00 00 00 00 00 00 00 00 00 
         state 2: stop: 0x1, fail: 0x1, pc: 0x1, r0: 0x2, r1: 0xa, r2: 0x2, r3: 0xa, r4: 0x2, r5: 0xa, 
                                                 r6: 0x6, r7: 0xe, r8: 0x7, r9: 0x4, r10: 0x6, r11: 0xc, 
                                                 r12: 0, r13: 0, r14: 0, r15: 0, 
state 3: 30 60 00 61 2c 16 7c 10 41 c0 45 c0 2d 60 7d 10 46 d0 2d b0 6c d0 00 f0 50 00 00 00 00 00 00 00 
         00 00 00 00 00 00 00 00 00 00 00 00 00 00 00 00 00 00 00 00 00 00 00 00 00 00 00 00 00 00 00 00 
         00 00 00 00 00 00 00 00 00 00 00 00 00 00 00 01 4a 2a 2a 39 05 16 00 00 00 00 00 00 00 00 00 00 
         00 00 00 00 00 00 00 00 00 00 00 00 00 00 00 00 00 00 00 00 00 00 00 00 00 00 00 00 00 00 00 00 
         state 3: stop: 0, fail: 0, pc: 0x1, r0: 0x4, r1: 0xa, r2: 0x2, r3: 0xa, r4: 0x2, r5: 0xa, 
                                             r6: 0x3, r7: 0x9, r8: 0, r9: 0x5, r10: 0x1, r11: 0x6, 
                                             r12: 0, r13: 0, r14: 0, r15: 0, 
state 4: 70 50 71 10 72 10 73 e0 74 40 75 70 00 61 01 71 02 81 03 91 04 a1 05 b1 00 f0 50 00 00 00 00 00 
         00 00 00 00 00 00 00 00 00 00 00 00 00 00 00 00 00 00 00 00 00 00 00 00 00 00 00 00 00 00 00 00 
         00 00 00 00 00 00 00 00 00 00 00 00 00 00 00 01 2a 2a 2a c6 81 96 00 00 00 00 00 00 00 00 00 00 
         00 00 00 00 00 00 00 00 00 00 00 00 00 00 00 00 00 00 00 00 00 00 00 00 00 00 00 00 00 00 00 00 
         state 4: stop: 0, fail: 0, pc: 0x1, r0: 0x2, r1: 0xa, r2: 0x2, r3: 0xa, r4: 0x2, r5: 0xa, 
                                             r6: 0xc, r7: 0x6, r8: 0x8, r9: 0x1, r10: 0x9, r11: 0x6, 
                                             r12: 0, r13: 0, r14: 0, r15: 0, 
state 5: 70 60 00 61 2c 16 7c 10 41 c0 45 c0 2d 60 7d 10 46 d0 2d b0 6c d0 00 f0 50 00 00 00 00 00 00 00 
         00 00 00 00 00 00 00 00 00 00 00 00 00 00 00 00 00 00 00 00 00 00 00 00 00 00 00 00 00 00 00 00 
         00 00 00 00 00 00 00 00 00 00 00 00 00 00 00 00 2a 2a 2a d9 c9 c7 00 00 00 00 00 00 00 00 00 00 
         00 00 00 00 00 00 00 00 00 00 00 00 00 00 00 00 00 00 00 00 00 00 00 00 00 00 00 00 00 00 00 00 
         state 5: stop: 0, fail: 0, pc: 0, r0: 0x2, r1: 0xa, r2: 0x2, r3: 0xa, r4: 0x2, r5: 0xa, 
                                           r6: 0xd, r7: 0x9, r8: 0xc, r9: 0x9, r10: 0xc, r11: 0x7, 
                                           r12: 0, r13: 0, r14: 0, r15: 0, 
state 6: 10 f0 11 d0 12 70 13 60 14 40 15 b0 00 61 01 71 02 81 03 91 04 a1 05 b1 00 f0 50 00 00 00 00 00 
         00 00 00 00 00 00 00 00 00 00 00 00 00 00 00 00 00 00 00 00 00 00 00 00 00 00 00 00 00 00 00 00 
         00 00 00 00 00 00 00 00 00 00 00 00 00 00 00 00 2a 2a 2a b4 35 5f 00 00 00 00 00 00 00 00 00 00 
         00 00 00 00 00 00 00 00 00 00 00 00 00 00 00 00 00 00 00 00 00 00 00 00 00 00 00 00 00 00 00 00 
         state 6: stop: 0, fail: 0, pc: 0, r0: 0x2, r1: 0xa, r2: 0x2, r3: 0xa, r4: 0x2, r5: 0xa,
                                           r6: 0xb, r7: 0x4, r8: 0x3, r9: 0x5, r10: 0x5, r11: 0xf, 
                                           r12: 0, r13: 0, r14: 0, r15: 0, 
state 7: 10 60 00 61 2c 16 7c 10 41 c0 45 c0 2d 60 7d 10 46 d0 2d b0 6c d0 00 f0 50 00 00 00 00 00 00 00 
         00 00 00 00 00 00 00 00 00 00 00 00 00 00 00 00 00 00 00 00 00 00 00 00 00 00 00 00 00 00 00 00 
         00 00 00 00 00 00 00 00 00 00 00 00 00 00 00 00 2a 2a 7d 97 95 d7 00 00 00 00 00 00 00 00 00 00 
         00 00 00 00 00 00 00 00 00 00 00 00 00 00 00 00 00 00 00 00 00 00 00 00 00 00 00 00 00 00 00 00 
         state 7: stop: 0, fail: 0, pc: 0, r0: 0x2, r1: 0xa, r2: 0x2, r3: 0xa, r4: 0x7, r5: 0xd, 
                                           r6: 0x9, r7: 0x7, r8: 0x9, r9: 0x5, r10: 0xd, r11: 0x7, 
                                           r12: 0, r13: 0, r14: 0, r15: 0, 
