1
2
3
4
5
6
7
8
9
10
11
12
13
14
15
16
17
18
19
20
21
22
23
24
25
26
27
28
29
30
31
65568
65569
942114
942115
942116
942117
942118
942119
40
41
42
43
942124
942125
942126
942127
942128
942129
50
51
52
53
54
55
942136
942137
942138
942139
60
61
62
63
64
65
66
94219
942148
942149
70
71
72
73
74
75
76
77
78
79
80
81
82
83
84
85
86
87
88
89
90
91
92
93
94
954469
96
97
98
99
100
101
102
103
104
105
106
107
108
109
8302
8303
112
113
114
115
116
117
118
119
8312
4116
8314
8315
124
125
126
127
128
129
8322
8323
8324
8214
8326
8327
136
137
138
139
8334
219
8336
8216
8338
8339
148
149
8217
8346
942235
942236
942237
942238
942239
8219
41124
41125
41126
41127
41128
41129
4125
41136
41137
41138
41139
4126
4127
41148
41149
82112
82113
82114
82115
82116
82117
82118
82119
200
201
202
203
82124
82125
82126
82127
82128
82129
35
212
213
214
215
82136
82137
82138
82139
8412
8413
8414
37
224
225
226
227
721124
82149
721126
721127
721128
721129
8426
39
236
237
238
811247
721136
721137
721138
721139
8436
8437
95322358
95322359
248
249
811259
721148
721149
4100
8447
8448
8449
259
9556
44
8458
8459
45
46
942358
942359
9549
47
4101
41247
41248
41249
49
41259
300
301
302
303
304
305
306
307
308
309
310
311
312
313
314
82235
82236
82237
82238
82239
322
323
9421124
9421125
9421126
82247
82248
82249
8247
334
335
9421136
9421137
9421138
82259
631124
631125
631126
631127
631128
631129
346
347
9421148
9421149
721247
721248
631137
631138
631139
8548
8549
358
5211249
721259
631148
631149
8558
8559
4104
8568
8569
57
400
401
402
67
404
405
7422358
7422359
408
68
410
411
412
413
414
69
416
417
418
419
421
422
423
424
425
426
427
428
429
433
434
435
436
437
82358
82359
445
446
9421247
9421248
9421249
457
458
9421259
631247
631248
631249
8658
8659
469
631259
8668
8669
74211
74212
74213
74214
74215
74216
74217
74218
74219
74223
74224
74225
74226
74227
74228
74229
502
503
504
505
506
74235
74236
74237
74238
74239
512
513
514
515
516
517
518
74247
74248
74249
522
523
524
525
526
527
528
529
74259
532
533
534
535
536
537
538
539
544
931248
546
547
548
549
841137
556
557
558
4211247
4211248
4211249
8202
568
569
4211259
8778
632247
8203
9656
9657
600
601
602
603
604
605
74334
74335
74336
74337
74338
74339
612
613
614
615
616
617
74346
74347
74348
74349
622
623
624
625
626
627
628
629
74358
74359
632
633
634
635
636
637
638
639
643
644
645
646
647
648
649
8205
655
656
657
658
659
667
668
669
9669
8304
4114
679
8206
8306
7115
8307
8308
700
33469
702
703
704
705
706
707
708
709
710
711
712
713
714
715
716
717
718
719
720
721
722
723
724
725
726
727
728
74457
74458
74459
732
733
734
735
736
737
738
739
74469
742
223
744
745
746
747
748
749
8317
754
755
756
757
758
759
4223
4117
766
767
768
769
8209
4225
778
779
4226
4227
754457
754458
754459
8325
800
801
802
803
804
754469
806
807
808
809
810
811
812
813
814
815
816
817
818
819
820
821
822
823
824
825
826
827
828
829
830
831
832
833
834
835
836
837
838
839
841
842
843
844
845
846
847
848
849
853
854
855
856
857
858
859
8212
865
866
867
868
869
8337
877
878
879
889
8213
900
901
902
903
904
905
906
907
908
909
910
911
912
913
914
915
916
917
918
919
920
921
922
923
924
925
926
927
928
929
930
931
932
933
934
935
936
937
938
939
940
941
942
943
944
945
946
947
948
949
952
953
954
955
956
957
958
959
964
965
966
32
968
969
4124
976
977
978
979
8422358
8422359
988
533469
33
942247
9200
942248
9202
9203
91124
91125
91126
942249
91128
91129
9211
9212
9213
9214
9215
91136
91137
91138
91139
5217
9224
9225
9226
9227
91148
91149
8218
9235
9236
9237
9238
9239
9445
9247
9248
9249
9259
942259
36
34
9300
9301
9302
9303
9304
9305
9306
9307
9308
9309
9310
9311
9312
9313
9421127
9315
1124
1125
1126
1127
1128
1129
9322
9323
9324
9325
9326
91247
91248
91249
1138
1139
9334
9335
9336
9337
9338
91259
1148
1149
42112
42113
42114
42115
42116
42117
42118
42119
42124
42125
42126
42127
42128
42129
42136
42137
42138
42139
83100
83101
83102
83103
83104
83105
83106
83107
83108
83109
83112
83113
83114
83115
83116
83117
83118
83119
83124
83125
83126
83127
83128
83129
9402
9403
9404
9405
9406
9407
83136
83137
83138
83139
9412
9413
9414
841249
9416
204
9418
9419
83148
83149
9422
205
9424
9425
9426
9427
9428
206
9433
4115
207
9436
9437
9438
1247
1248
208
8225
9446
853223
853224
853225
853226
853227
853228
853229
9457
943346
853235
853236
853237
853238
853239
42235
42236
42237
42238
42239
853248
853249
8226
42247
42248
42249
853259
216
42259
83223
83224
83225
83226
83227
83228
83229
8227
83235
83236
83237
83238
83239
953223
83247
83248
83249
9522
9523
9524
9525
9526
4136
9528
9529
83259
9532
9533
9534
8228
9536
8416
9538
9539
9447
8417
9544
1136
9546
9547
9548
8418
9643346
9643347
9643348
9643349
9558
9559
82148
8229
9643358
721125
9568
9569
853346
853347
853348
853349
1137
8423
943469
853358
853359
8424
953235
42358
42359
953236
953237
235
953238
8428
953239
8429
83346
83347
83348
83349
239
6447
83358
83359
811248
811249
632235
632236
632237
632238
632239
9648
9649
8435
722358
722359
632248
632249
9658
953247
953248
632259
9668
8438
953249
247
9643469
9679
853469
4347
9339
8445
8446
501
953259
83469
8235
9422358
9422359
6326
632358
632359
9768
9769
9327
8236
9778
9779
8457
93108
6327
93109
9328
8237
742247
5237
327
9329
8238
411247
411248
411249
411259
8469
328
7104
8358
7105
8239
8249
56
329
9889
842136
6211247
6211248
6211249
75445
75446
75447
75448
75449
6211259
4103
842137
75457
75458
75459
75469
58
59
7125
6334
7129
976679
75568
75569
952114
952115
952116
952117
952118
952119
952124
952125
952126
952127
952128
952129
964348
952136
952137
952138
952139
6336
952148
952149
608
315
316
8305
317
336
318
319
821124
821125
821126
821127
821128
821129
337
911247
911248
911249
821138
821139
8248
324
911259
821148
821149
325
326
943347
952235
952236
952237
952238
952239
9421128
51124
51125
51126
51127
51128
51129
51136
51137
51138
51139
339
51148
51149
92112
92113
92114
92115
92116
92117
92118
92119
92124
92125
92126
92127
92128
92129
9521124
9521125
9521126
9521127
92136
92137
92138
92139
338
9521136
9521137
9521138
9421139
731124
92149
731126
731127
731128
731129
9521148
9521149
559
821247
731136
731137
731138
731139
8534
9659
821259
731148
731149
8536
8537
8538
8539
952358
952359
348
51247
51248
51249
51259
2112
631136
2114
2115
2116
2117
2118
721249
92235
92236
92237
92238
92239
2128
2129
8547
953358
92247
92248
92249
2138
953359
9521247
9521248
9521249
92259
9643359
2149
9521259
731247
731248
731249
731259
4106
4459
84100
84101
84102
84103
84104
84105
84106
84107
84108
84109
8557
84112
84113
84114
84115
84116
84117
84118
84119
84124
84125
84126
84127
84128
84129
84136
84137
84138
84139
84148
84149
2235
2236
2237
2238
2239
92358
92359
2248
2249
2259
8259
8532
7211247
7211248
7211249
84211
84212
84213
84214
84215
84216
84217
84218
84219
3114
84223
84224
84225
84226
84227
84228
84229
8533
3116
84235
84236
84237
84238
84239
4107
84247
84248
84249
84259
2358
2359
3124
3125
8535
3126
3127
43346
43347
43348
43349
43358
43359
84334
84335
84336
84337
84338
84339
84346
84347
84348
84349
3136
406
84358
84359
407
409
7236
7237
7447
7238
7239
854457
854458
854459
93259
854469
3148
43469
3149
8200
964346
7248
964347
7249
84457
84458
84459
9359
964349
84469
822359
359
964358
964359
438
439
8544
8310
8201
8545
85322358
85322359
447
633469
448
449
8546
63259
6433469
459
8655
8656
8311249
8311
952112
8667
952113
95
8211247
8211248
8211249
322358
322359
8211259
9643
9644
8679
8421
9645
76679
953224
953225
953226
953227
953228
953229
52112
52113
52114
52115
52116
52117
52118
52119
52124
52125
52126
52127
52128
52129
52136
52137
52138
52139
93100
93101
93102
93103
93104
93105
93106
93107
52148
52149
93112
93113
93114
93115
93116
93117
93118
93119
93124
93125
93126
93127
93128
93129
93136
93137
93138
93139
3236
93148
93149
3237
507
508
11247
11248
11249
510
11259
953346
953347
953348
953349
52235
52236
52237
52238
52239
52247
52248
52249
94211247
3100
3101
3102
3103
3104
3105
3106
52259
3108
3109
93223
93224
93225
93226
93227
93228
93229
3118
3119
520
93235
93236
93237
93238
93239
3128
3129
93247
93248
93249
3138
3139
730
732235
732236
732237
732238
732239
822358
732247
732248
732249
732259
7359
953469
3107
52358
52359
3223
3224
3225
3226
3227
3228
3229
93346
93347
93348
93349
3238
3239
93358
93359
94211248
94211249
9522358
9522359
94211259
964469
732358
732359
349
7114
7433469
421124
421125
421126
421127
421128
421129
511247
421136
421137
421138
421139
3348
3349
3112
511259
421148
421149
3358
3359
3113
85322
85323
85324
85325
85326
85327
85328
85329
48
85334
85335
85336
85337
85338
85339
821136
85346
85347
85348
85349
821137
9116
85358
85359
9211248
9211249
9211259
421247
421248
421249
9117
421259
3469
3117
8300
8779
9119
85445
85446
85447
85448
85449
8301
8425
85457
85458
85459
85469
8316
7421
7211
9667
7429
8319
921124
921125
921126
921127
921128
921129
921136
921137
921138
921139
606
607
921148
921149
4213
85568
85569
7435
609
952247
610
952248
611
952249
9124
511248
511249
3346
3347
618
619
9415
8208
620
6125
621
952259
831124
831125
831126
831127
831128
831129
921247
831136
921249
831138
831139
921259
831148
831149
93469
9400
8309
61124
61125
61126
61127
61128
61129
631
8207
61136
61137
61138
61139
61148
61149
95211247
95211248
95211249
95211259
8427
6103
831247
831248
831249
831259
6109
8313
8433469
61247
61248
61249
61259
403
6115
6118
9137
9521128
9521129
4224
7311247
7311248
7311249
9410
94100
94101
94102
94103
94104
94105
94106
94107
94108
94109
94112
94113
94114
94115
94116
94117
94118
94119
94124
94125
94126
94127
94128
94129
9521139
94136
92148
94138
94139
731125
9136
94148
94149
9409
8318
6311247
6311248
53223
53224
53225
53226
53227
53228
53229
53235
53236
53237
53238
53239
53247
53248
53249
94211
94212
94213
94214
94215
94216
94217
94218
53259
4108
4109
94223
94224
94225
94226
94227
94228
94229
4118
4119
94235
94236
94237
94238
94239
4128
4129
3137
6311259
94247
94248
94249
4138
4139
94259
4148
4149
8211
954457
954458
954459
53346
53347
53348
53349
53358
53359
4211
4212
4105
4214
4215
4216
4217
4218
4219
94334
94335
94336
94337
94338
94339
4228
4229
519
94346
94347
94348
94349
4238
4239
4338
94358
94359
4248
4249
9211247
4259
9646
7557
415
9411
4235
53469
943359
4334
4335
4336
4337
4236
4339
94457
94458
94459
4348
4349
94469
4358
4359
8532235
8532236
8532237
8532238
8532239
4237
643346
643347
643348
643349
8532247
8532248
8532249
733469
643358
643359
8532259
73103
7568
7569
4457
4458
743
4469
9433469
8532358
8532359
742124
643469
6127
742125
832238
742127
932248
2119
932249
2124
832247
5213
8311247
8311248
832248
2126
422358
422359
8311259
5335
6311249
2136
2137
86556
86557
86558
86559
9429
2139
86568
86569
4247
701
2148
6247
8433
21124
21125
21126
21127
21128
21129
21136
21137
21138
21139
86679
21148
21149
62112
62113
62114
62115
62116
62117
62118
62119
62124
62125
62126
62127
62128
62129
62136
62137
62138
62139
62148
62149
9209
9435
805
742112
742113
742114
742115
742116
742117
742118
742119
832235
832236
832237
742126
832239
742128
742129
3115
922358
922359
742136
742137
742138
742139
21247
21248
21249
832259
742148
742149
21259
62235
62236
62237
62238
62239
62247
62248
62249
62259
8347
9532235
9532236
9532237
9532238
9532239
8348
9532247
9532248
9532249
742235
742236
742237
742238
742239
9532259
832358
832359
742248
742249
8349
742259
62358
62359
521124
521125
521126
521127
521128
521129
611247
611248
611249
521138
521139
1259
611259
521148
521149
7669
9532358
9532359
742358
742359
95200
95201
95202
95203
95204
95205
95206
95207
95208
95209
95211
95212
95213
95214
95215
95216
95217
95218
95219
5108
5109
95223
95224
95225
95226
95227
95228
95229
5118
5119
95235
95236
95237
95238
95239
5128
5129
95247
95248
95249
5138
5139
6445
95259
5148
5149
521247
521248
521249
521259
6322
6323
6324
6325
6322358
821248
6322359
5200
5201
5202
5203
5204
5205
5206
5207
5208
5209
95322
95323
95324
95325
95326
95327
95328
95329
5218
5219
821249
95334
95335
95336
95337
95338
95339
5228
5229
95346
95347
95348
95349
5238
5239
6335
95358
95359
5248
5249
6337
5259
8359
2247
54457
54458
54459
6346
6347
54469
5322
5323
5324
5325
5326
5327
5328
5329
95445
95446
95447
95448
95449
5338
5339
95457
95458
95459
5348
5349
8328
95469
5358
5359
9201
865568
865569
931124
931125
931126
931127
931128
931129
96433469
931136
931137
931138
931139
5445
5446
5447
5448
5449
931148
931149
9101
95568
95569
5458
5459
9102
9103
5469
9104
9105
9106
9107
9108
6457
9109
8329
729
9112
9113
9114
9115
841124
841125
841126
841127
841128
841129
931247
841136
931249
841138
841139
9118
931259
841148
841149
5568
5569
731
71124
71125
71126
71127
71128
71129
8533469
9125
71136
71137
71138
71139
9126
9127
71148
71149
9128
9129
8439
841247
841248
521136
521137
841259
9138
84211247
84211248
84211249
9139
84211259
71247
71248
71249
71259
38
9148
7556
9149
5322358
5322359
63100
63101
63102
63103
63104
63105
63106
63107
63108
63109
63112
63113
63114
63115
63116
63117
63118
63119
63124
63125
63126
63127
63128
63129
63136
63137
63138
63139
967
63148
63149
942112
9469
942113
964334
964335
964336
964337
964338
964339
63223
63224
63225
63226
63227
63228
63229
5106
63235
63236
63237
63238
63239
63247
63248
63249
6446
211247
5107
6448
6449
989
9205
8223
22358
22359
6459
964457
964458
964459
63346
63347
63348
63349
63358
63359
5100
5101
8657
5102
5103
8224
5104
8112
5105
3259
743346
743347
743348
743349
9204
833469
743358
743359
921248
9206
831137
91127
5112
6100
6101
6102
5113
6104
6105
6106
6107
6108
5114
6112
6113
6114
5115
6116
6117
2113
6119
5116
6124
63469
6126
5117
6128
6129
6136
6137
6138
6139
9216
6148
6149
9217
229
9218
9219
9207
5124
9533469
5125
5126
5127
743469
9208
6200
6201
6202
6203
6204
6205
6206
6207
6208
6209
6211
6212
6213
6214
6215
6216
6217
6218
6219
6223
6224
6225
6226
6227
6228
6229
9311247
6236
6237
6238
6239
9311248
9311249
6248
6249
8411247
8411248
8411249
6259
522358
522359
8411259
209
9311259
6310
6311
6312
6313
6314
6315
6316
6317
6318
6319
96433
96434
96435
96436
96437
96438
96439
6328
6329
9767
96445
96446
96447
96448
96449
6338
6339
211
96457
96458
96459
6348
6349
96469
6358
6359
5225
8335
6433
6434
6435
6436
6437
6438
6439
96556
96557
96558
96559
211248
211249
96568
96569
6458
211259
932235
6469
842124
2125
932237
932238
842127
217
842112
842113
842114
842115
842116
842117
842118
842119
2127
932247
932236
842125
842126
932239
842128
842129
31124
31125
31126
31127
31128
31129
842138
842139
6556
6557
6558
6559
31136
31137
31138
31139
842148
842149
96679
6568
6569
9766
31148
31149
72112
72113
72114
72115
72116
72117
72118
72119
9100
72124
72125
72126
72127
72128
72129
72136
72137
72138
72139
932259
72148
72149
9223
842235
842236
842237
842238
842239
932358
842247
842248
842249
31247
31248
31249
842259
6679
31259
5211
5212
72235
72236
72237
72238
72239
9319
5214
72247
72248
72249
5215
8556
5216
72259
621124
621125
621126
621127
621128
621129
9314
711247
621136
621137
621138
621139
9316
711259
621148
621149
9317
9318
5223
5224
842358
842359
5226
5227
5136
532247
9228
9647
8410
5211247
5211248
5137
72358
72359
9229
500
4137
9411247
9411248
9411249
5235
8411
5236
9411259
621247
621248
621249
228
621259
5211259
7322358
7322359
5247
9421129
9346
9347
9348
9349
8415
64334
64335
64336
64337
64338
64339
9358
64346
64347
64348
64349
64358
64359
6235
3235
8419
509
7100
7101
7102
7103
965568
965569
7106
7107
7108
7109
7112
64457
64458
64459
7116
7117
7118
7119
7124
64469
7126
7127
7128
42148
42149
7136
7137
7138
7139
7148
7149
511
8422
4112
7200
7201
7202
7203
7204
7205
7206
7207
7208
7209
932359
7212
7213
7214
7215
7216
7217
7218
7219
7223
7224
7225
7226
7227
7228
7229
7235
941124
941125
941126
941127
941128
941129
7247
941136
941137
941138
941139
9401
7259
941148
941149
9408
7300
7301
7302
7303
7304
7305
7306
7307
7308
7309
7310
7311
7312
7313
7314
7315
7316
7317
7318
7319
7322
7323
7324
7325
7326
7327
7328
7329
7334
7335
7336
7337
7338
7339
7346
7347
7348
7349
9417
7358
941247
941248
941249
7421124
7421125
7421126
7421127
7421128
7421129
941259
9421
7421136
7421137
7421138
7421139
9423
7421148
7421149
81124
81125
81126
81127
81128
81129
8204
3247
81136
81137
81138
81139
81148
81149
7422
7423
7424
7425
7426
7427
7428
5334
7433
7434
3248
7436
7437
7438
7439
5336
7445
7446
5337
7448
7449
9434
7457
7458
7459
521
8215
3249
7469
8322358
8322359
9439
433469
7421247
7421248
7421249
7113
1249
7421259
5346
5347
81247
81248
81249
8434
81259
9448
9449
7544
7545
7546
7547
7548
7549
9459
97667
97668
97669
7558
7559
73100
73101
73102
97679
73104
73105
73106
73107
73108
73109
73112
73113
73114
73115
73116
73117
73118
73119
7311259
73124
73125
73126
73127
73128
73129
9458
73136
73137
73138
73139
7211259
943348
73148
73149
943349
4346
711248
711249
32235
32236
32237
32238
32239
7667
7668
943358
32247
32248
32249
853247
7679
32259
73223
73224
73225
73226
73227
73228
73229
73235
73236
73237
73238
73239
73247
73248
73249
8113
73259
843346
843347
843348
843349
94137
933469
843358
843359
32358
32359
73346
73347
73348
73349
73358
73359
9545
4102
832249
843469
9537
73469
4113
8421124
8421125
8421126
8421127
8421128
8421129
532235
532236
532237
532238
532239
8421136
8421137
8421138
8421139
622358
622359
532248
532249
8421148
8421149
9520
532259
9521
9655
9527
9322358
9322359
9535
8421247
8421248
8421249
532358
532359
8421259
8100
8101
8102
8103
8104
8105
8106
8107
8108
8109
74211247
74211248
74211249
8114
8115
8116
8117
8118
8119
74211259
8124
8125
8126
8127
8128
8129
8136
8137
8138
8139
311247
311248
311249
8148
8149
311259
5457
545
218
9557